276 252
276 282
280 312
288 342
298 371
314 396
336 416
360 432
390 436
420 431
449 415
475 394
494 369
505 339
512 308
518 277
519 246
284 215
302 204
323 206
344 213
363 223
410 220
432 210
454 204
477 205
497 213
386 244
385 266
385 289
384 311
366 325
375 329
385 333
396 329
407 325
307 245
321 236
340 237
355 253
338 254
319 253
424 251
439 236
458 235
473 245
460 252
442 253
339 356
359 354
376 350
386 353
397 350
417 355
442 356
418 376
398 383
385 385
374 384
358 376
347 360
376 365
386 366
398 365
433 360
397 365
385 366
375 365
